R : 

[[ 9.99985242e-01  4.12904821e-03  3.53072642e-03]
 [-4.12809185e-03  9.99991441e-01 -2.78112810e-04]
 [-3.53184454e-03  2.63533543e-04  9.99993728e-01]]

T : 

[[-69.0252572 ]
 [  0.86112496]
 [  1.0931028 ]]

E : 

[[ 1.47106927e-03 -1.09286651e+00  8.61423568e-01]
 [ 8.49300194e-01  2.27039448e-02  6.90286837e+01]
 [-5.76169652e-01 -6.90282220e+01  1.61564116e-02]]

F : 

[[-3.84318410e-09  2.85542943e-06 -1.87766466e-03]
 [-2.22183626e-06 -5.94016348e-08 -9.60318584e-02]
 [ 1.36631737e-03  9.68941860e-02  1.00000000e+00]]


Camera matrix : 

 left : 
[[536.07343019   0.         342.37038789]
 [  0.         536.01634475 235.53685637]
 [  0.           0.           1.        ]]

 right : 
[[542.35474306   0.         328.32418897]
 [  0.         541.61499607 246.94729222]
 [  0.           0.           1.        ]]

dist : 

 left : 
[[-0.26509006 -0.0467439   0.00183301 -0.00031471  0.25231586]]

 right : 
[[-0.28054308  0.10432373 -0.00055821  0.00130356 -0.02372163]]

rvecs : 

 left : 
[array([[-0.08398744],
       [ 0.34802802],
       [-1.54244125]]), array([[-0.22584693],
       [ 1.01551139],
       [-2.79470629]]), array([[-0.34698247],
       [-0.06738503],
       [-1.20088995]]), array([[-0.27527336],
       [ 0.10123358],
       [-1.56296566]]), array([[-0.47359526],
       [ 0.08970848],
       [-0.22605978]]), array([[0.0652592 ],
       [0.44701844],
       [0.10800011]]), array([[-0.1014161 ],
       [ 0.32034834],
       [ 0.3147293 ]]), array([[-0.35339067],
       [ 0.24071879],
       [ 0.20970029]]), array([[ 0.48287252],
       [-0.17036999],
       [-1.40740334]]), array([[ 0.05280146],
       [-0.60171822],
       [-0.18453822]]), array([[-0.37463359],
       [ 0.06982834],
       [-0.01937108]]), array([[ 0.49542331],
       [ 0.11948823],
       [-0.29675962]]), array([[ 0.19721091],
       [-0.42009945],
       [-0.1949708 ]])]

 right : 
[array([[-0.08498818],
       [ 0.34247027],
       [-1.54658605]]), array([[-0.23234611],
       [ 1.01928056],
       [-2.80022626]]), array([[-0.35018856],
       [-0.05974469],
       [-1.20413868]]), array([[-0.28124248],
       [ 0.10398269],
       [-1.56610271]]), array([[-0.47199158],
       [ 0.09546919],
       [-0.22825306]]), array([[0.06253685],
       [0.45162902],
       [0.10515932]]), array([[-0.102822  ],
       [ 0.3259167 ],
       [ 0.31053523]]), array([[-0.34949366],
       [ 0.245499  ],
       [ 0.20458157]]), array([[ 0.48393403],
       [-0.16920581],
       [-1.41180802]]), array([[ 0.05301848],
       [-0.59777694],
       [-0.18775517]]), array([[-0.37637621],
       [ 0.07576714],
       [-0.02278194]]), array([[ 0.49584458],
       [ 0.12280006],
       [-0.3022602 ]]), array([[ 0.19811566],
       [-0.41814685],
       [-0.19851293]])]

tvecs : 

 left : 
[array([[-61.1394248 ],
       [ 11.79761686],
       [347.37403143]]), array([[ 52.3016879 ],
       [ 89.16463376],
       [283.16405214]]), array([[-70.74223865],
       [ 10.05957088],
       [238.63008003]]), array([[-82.43365847],
       [ 46.99818637],
       [261.89643966]]), array([[-51.96978893],
       [-70.8094508 ],
       [265.36891855]]), array([[ 45.56116387],
       [-66.34656588],
       [322.00985248]]), array([[-76.90157059],
       [-88.97589841],
       [355.0987167 ]]), array([[-32.81839752],
       [-89.11756938],
       [289.17478926]]), array([[-72.2945934 ],
       [ 33.35330124],
       [247.10670122]]), array([[-44.75549036],
       [-72.24229021],
       [221.61061266]]), array([[-61.06313216],
       [-81.40785663],
       [272.74186142]]), array([[-70.29102691],
       [-49.75112181],
       [259.79708238]]), array([[-55.24146649],
       [-65.83036187],
       [218.42532829]])]

 right : 
[array([[-129.10414072],
       [  12.85799998],
       [ 348.36601296]]), array([[-15.07898726],
       [ 89.66633545],
       [283.86803612]]), array([[-138.86472522],
       [  11.15291168],
       [ 239.98059306]]), array([[-150.27094242],
       [  48.1256558 ],
       [ 263.08794827]]), array([[-120.16377153],
       [ -69.92721921],
       [ 266.37758902]]), array([[-22.49461794],
       [-65.78945676],
       [323.60789231]]), array([[-144.98203863],
       [ -87.79973456],
       [ 356.95987423]]), array([[-101.48610062],
       [ -88.20607598],
       [ 290.22807677]]), array([[-140.25034812],
       [  34.48167308],
       [ 248.37812799]]), array([[-113.25494942],
       [ -71.27146684],
       [ 222.86879456]]), array([[-129.34121543],
       [ -80.27238892],
       [ 274.10790651]]), array([[-138.67748816],
       [ -48.65862783],
       [ 261.33191799]]), array([[-123.62815116],
       [ -64.79856924],
       [ 219.55727804]])]


